38.1 25.5 18.7 30.7 34.9 46.2 40.6
32.6 34.3 39.6 39.2 33.8 20.4 17.7
18.7 34.9 35.7 19.3 20.3 9.9 20.4
23.5 38.5 31.1 29.5 34.2 37.2 32.4
29.4 31.9 49.6 43.8 36.3 35.6 37.8
36.3 31.9 31.9 30.6 27.8 31.8 14.6
22 26.8 31.7 35.2 40.3 37.4 36.7
31.8 31.6 38.1 38.4 36 34.1 25.2
29.6 36.9 32.7 47.6 37.6 38 33.3
30.2 28.2 43.8 60.2 50.1 36 38.4
53.2 57.1 58 62.6 71.2 60.4 69.5
69.5 69.2 74.3 73.8 71.2 62.8 56.2
57.6 43.2 50.1 63.8 46.1 45.4 42.2
49.2 51.9 57.7 51.5 45.6 43.6 49.5
56.7 54.3 43 41.8 46.7 53.7 59
67.3 60 48.5 54.1 63.4 45.3 44.5
46.1 48.6 51.6 55.2 51.3 44.2 46.6
48.7 54.3 57.8 67.3 75.6 66.9 56.6
58.4 60.3 61.1 56.9 55.4 61 64.5
61 63.8 71.3 61.2 59.7 67.1 75
78.9 65.1 56 64.2 75.7 76.1 69.6
79.2 85.9 78.1 65 51.4 54.6 61.2
68.9 70.2 64.4 64.8 68.3 65.1 78.9
80.3 80.6 73.7 65.2 70.5 77.4 81.5
77.3 81 86 86.1 81.1 76.4 76.2
74 71.2 70 74.9 87 81.7 79.3
80.9 83.8 86.7 89.8 89.5 92.3 86.9
77.2 77.9 76.5 75.7 79.8 81.1 77.8
80.9 85.2 89.2 83.9 77 74.7 75.8
79.4 86.2 80.6 80.5 83.3 75.4 74.4
74.3 80.1 79.6 77.7 79.9 82 81.3
74.7 74.3 77.3 79.1 72.4 67.1 67.1
68.3 66.4 68 73.9 73 67 66.4
66.5 68.4 66.8 69.3 76.3 79.6 80.9
74.4 74.8 74.5 74.3 76.5 81.7 74.1
75.1 74.8 78.9 73.1 77.7 72 62.7
62.5 63.7 68 73.5 66.9 61.2 65.4
65.2 65.8 56.7 56.1 64.1 54.9 51.6
50.8 52.6 63.6 62.6 56 58.3 60.2
58.5 56.5 60.4 61.5 63.1 48.3 42.7
44.5 44 53.8 45.2 49.1 47.4 50.7
64.4 50.7 51.6 63.4 51.6 46.6 48
49.9 57.6 62.6 67.4 69.9 44.7 41.4
42.6 42.5 42.4 41.3 43.2 42.1 41.7
37.2 39.2 36.6 42.2 43.6 41.8 55.1
62.7 37.9 31.5 35.4 37.3 39.3 40.7
42.1 42.5 51.4 43.7 52.4 39.3 28.3
33.6 32.7 26.3 33.4 38.9 44.7 42.8
57.7 55.2 56.6 37.2 36.7 43.4 39.7
38.6 35 30.5 34.2 39.1 39 42.7
49.2 38.4 33.7 36.3 43 29.9 22.7
26.2 32.3 28 31.4 29.7 30.6 29.4
22.3 32.2 19.5 17.1 25.8 22.5 29.1
31.6 26.5 32.3 40 34.3 45.9 47.6
27.8 15.5 21.7 25.1 29.2 27.2 39.9
25.2 12.4 5.1 13.2 13.7 21.2 20.9
26.6 41.3 51.8 41.1 19.1 6.8 16.2
13.7 23 20.2 26.3 33.3 28.3 27
29.8 38 27.6 29 37 30 19
16.9 35.9 24.3 14.6 23.1 27.8 26.7
25.9 31.2 34.2 33.5 33.4 27.6 26.4
23.2 25.9 32.1 30.6 32.6 31.9 34.9
42.7 42.5 32.5 27.9 28.9 34.6 33
30.3 31.6 24.1 21.6 21.9 28.3 32.4
33.8 33.8 32.7 37.2 38.1 43.2 42.5
49.3 36.2 34 35.1 39.1 43.8 46.9
53 50.3 43.9 39.9 41.3 41 38.7
45.4 63.3 47.2 43.4 52.2 40.9 37.1
40.5 51.5 53.2 41.3 45 49.2 57.2
57.8 60.1 69.6 74.4 54.4 43.6 55.4
58.1 59.8 53.9 65.1 64.1 47.4 49.7
46.3 48 65.5 76 69.6 60.7 65.8
71.6 79.5 72.8 68.7 53.6 47.8 49.9
54.5 55.8 64.8 71.1 76.5 70.5 70.3
57.5 53.6 60.2 61.6 57.7 57.9 62.3
66.6 70.7 70.4 75 66.9 64.1 66.7
76.4 77.4 62.7 63.5 71.2 74.8 73.1
71.9 76.4 73 72.9 75.7 74.7 68
67.7 68.3 64.6 64.1 69.1 73.9 75.3
77.2 78.4 79.7 81.2 72.9 71.8 74.3
78.3 79.8 81 85.2 85.2 86.4 80
76.2 76.3 74.9 66.3 68.2 69.2 63.8
59.8 65.3 66.3 67.6 70 72.1 73.8
68.6 66.2 71.8 78.9 71.6 71.7 74
71.3 74.2 67 63.7 64.2 69.3 70.6
71.8 72.2 77.2 79.4 75.1 72.6 72.7
76.9 80.3 84.3 81 77 80.3 72.9
74.4 72 66.2 69.5 71.5 69.2 76.3
74.8 78.2 86.8 82.7 75 61.8 59
59 58.9 58.8 67.7 72.6 72.6 60.5
56.9 57.6 60.1 61.5 63.1 65.9 68.2
64.6 59.7 67.3 69.8 67.7 69.5 69.3
58.9 53.1 58.8 59.9 60.7 63.7 62.2
54.8 53.6 57.4 51.6 49.9 44.6 47
45.5 49.8 35.9 38 39 38.5 47.4
42.2 44.7 47.4 52.1 61.3 47.3 43.7
42.4 47.9 52.7 52 37.5 37 49.3
43.1 41.9 27.3 27.8 38.4 43.5 47.1
60.1 41.1 33.1 35.7 44.3 40 25.3
17.9 25.9 31.1 20.8 26.5 25.3 36
37.1 36.5 40.9 49.9 35.1 20 14
19 21.6 8.8 16 6.2 21.3 30.2
18.8 13 22.4 24.7 35.2 34.8 32.4
32.6 19.6 3.6 20.4 23.2 32.7 40.2
35.4 9.6 7.8 15.8 18.6 4.3 23.7
20.9 -7.7 -7.3 2.7 7.9 30.1 37
32.9 41.3 29.9 19.8 25.1 17.8 15.1
18.7 32.8 10.4 6.1 3.4 5.3 23
14.7 18.7 -5.2 7.8 20.3 24 26.6
18.6 7.9 15.1 23.3 6.7 2.6 10.3
14.1 5.5 3.5 7.7 22 19.6 14.7
20.4 23.8 31 38.1 33.4 33.9 27.7
22.7 18.3 18.5 7.6 11 11.7 24.6
10.5 6.7 16.1 21.4 22.1 22.6 32.9
27.1 44.4 43.7 30.8 21.5 42.6 36.8
24.2 26.2 37.2 43.5 36.9 35.7 41.7
27.2 25.6 27.4 25.7 38.7 43.6 35.6
37.9 52.1 46.3 41.3 38.1 37.8 40
42 45.8 50.2 48.6 58.2 54.8 62.7
62.3 46 31.4 37.5 49.7 48.3 46.2
59.6 66.6 54.3 42.4 49 55.8 51.9
47.4 50.3 51.6 50.4 45.2 48.2 54.9
55.4 48.5 50.4 58.9 68.7 71.2 61.6
67.2 72 65 53.3 47.2 41.4 47.8
56.4 59.1 70.8 74.9 66.8 59.3 59.6
66.2 73.7 74.9 64.4 62.6 65.4 71
75.4 76.1 75.1 66.2 63.3 67.5 71.1
65.1 64.7 60.4 58.3 67.9 65.7 65.9
71.6 78.4 81.9 78.3 66 73.8 68.5
70.1 71.1 76.6 68.9 64.4 70.7 79.1
77.4 78.9 72.4 67.2 62.8 68.3 69.8
73 79.7 76.5 72 69.9 70.3 73.9
75.8 71.6 63.5 63.2 66 69.6 70.4
72.1 74.9 79.1 72.9 65.4 65.8 74
77.9 66.7 68.5 68.7 71.1 72.7 71.8
75.9 74.7 71.4 70.7 71.9 73.6 73.5
73.7 72.4 67 68.5 67 65.1 71.3
69.7 69.9 74.2 75.8 74.9 77.6 77.1
76.3 79.3 76.2 73.9 70.7 75.8 77.2
76.2 76.7 74.4 72.8 75.8 79.6 66.7
67.2 67.2 70.3 72.4 54.2 51.4 47.4
52.5 56.4 55.7 59.3 61.2 62.9 68.5
64.7 55.1 59.8 64.7 65.4 65 65.6
64.9 66.2 53.3 57.9 66.9 59.6 42.5
44.9 51.6 54.8 54.5 54.4 49.8 47.3
49.4 59.3 62.9 52.7 52.7 54 48.6
42.6 54 50.3 48.2 45.6 56.9 62.1
53.7 60.2 60.9 46.6 42 41.5 37.5
36.4 50.5 55 46.9 47 37.8 42.8
41.2 49 48.9 29.4 26 25.7 24.5
25.9 18 13 22.1 22.1 19.6 37.1
50.4 42.4 23.8 22.2 25.3 21.9 37.2
45.6 22.4 24.7 30.1 28.3 34.7 35.1
31.2 33.5 35.4 31.2 28 28.5 38.5
47 45.6 41.9 27.8 24 28.7 30.2
33 33.5 43.7 39 36.6 41 43.6
29.3 26.8 17.1 10.5 19.9 25.7 31.5
29 2.2 5.3 3.1 -2.1 8.1 4.8
25.8 23.1 16.9 10.5 22 28.3 34.2
36.8 31.8 33.6 30.5 29.9 29.6 32.7
31.1 23.2 27.4 25.8 33.3 27 27
29.1 14.5 13.5 21.1 7.4 17.5 29.1
36 25.6 24.8 30.6 15.9 11 18.6
4.5 11.8 16.5 7.3 -1.8 3.3 21.7
21.4 4.2 11.3 21.1 16.8 6 6
18.3 21.3 27.1 24.1 11.6 12.4 31.7 
34.9 36.8 40.5 42.1 41.8 47.0 51.0 
45.2 58.0 44.6 36.8 41.7 42.5 42.5 
32.4 29.1 29.7 36.6 36.7 29.0 26.8 
31.6 46.0 48.7 51.9 58.5 50.1 39.7 
53.5 45.5 40.4 44.5 50.5 52.6 47.7 
54.7 60.1 55.8 54.0 52.9 60.2 59.6 
55.6 48.6 44.3 39.7 42.3 44.2 43.5 
44.8 46.3 46.3 49.7 45.6 50.0 62.1 
67.4 65.1 56.6 55.6 66.9 71.1 59.5 
48.5 56.4 52.0 47.6 52.2 63.2 69.0 
72.3 72.1 50.4 43.3 51.8 58.8 61.8 
66.1 70.4 70.6 68.4 69.5 72.1 64.4 
47.5 51.2 55.5 62.3 68.2 65.3 60.1 
65.7 73.1 65.9 80.2 68.9 61.5 66.1  
73.3 74.8 68.6 61.3 71.6 60.8 62.8 
73.5 75.2 75.3 70.2 70.5 63.1 64.0 
67.5 68.1 68.1 60.7 59.3 64.2 69.7 
70.9 74.2 67.3 57.6 63.6 69.0 70.4 
73.6 75.7 76.2 65.8 66.0 77.3 78.7 
79.4 74.5 74.9 73.6 71.0 75.2 79.5 
74.7 77.2 79.4 81.3 77.1 78.2 75.5 
79.6 75.7 70.7 72.7 73.3 73.2 75.3 
71.8 75.1 72.9 71.2 73.8 78.2 76.6 
78.7 78.6 73.6 71.7 64.8 68.7 72.1 
71.5 65.0 63.4 61.9 63.1 65.5 67.6 
68.4 71.0 77.7 79.5 81.0 74.4 75.4 
79.9 81.5 77.0 70.2 64.0 61.9 57.6 
58.1 65.3 72.9 70.5 71.7 72.0 65.5 
60.4 61.0 64.6 68.2 66.7 65.5 67.0 
67.4 69.6 71.0 56.7 55.2 55.0 52.1 
51.9 57.0 60.2 62.0 61.7 60.4 53.2 
61.5 67.1 55.7 52.3 54.8 48.9 42.5 
44.6 54.9 63.7 62.7 59.8 55.0 61.8 
51.3 49.2 53.2 52.7 40.6 45.5 46.8 
52.7 57.9 58.4 57.5 63.8 55.5 44.3 
40.8 41.7 45.1 47.9 48.4 41.7 38.9 
52.5 51.6 51.0 58.4 44.6 35.9 31.9 
19.1 28.4 31.6 38.3 52.0 45.5 34.7 
32.7 40.1 41.6 34.8 33.0 36.6 35.8 
35.8 33.7 40.0 46.0 48.3 45.9 49.7 
54.9 58.8 41.3 43.3 33.4 27.7 23.3 
34.2 46.3 39.3 47.1 42.1 38.5 39.1 
38.4 33.5 33.5 28.8 27.0 23.4 27.0 
26.8 26.9 25.5 28.3 36.0 38.5 37.1 
19.0 5.1 14.0 6.7 30.7 42.0 28.4
7.5 0.6 5.8 16.7 19.0 23.7 27.8 
27.1 30.6 32.7 27.6 34.1 28.3 37.5 
42.3 36.0 34.5 35.6 26.7 28.9 30.5 
37.6 30.9 19.3 13.6 13.0 19.1 9.4 
13.9 20.7 27.5 28.4 30.1 47.5 49.1
41.8 35.1 35.6 34.8 33.4 31.1 36.7
51.7 40.8 28.3 20.6 30.1 30.1 33.6
35.0 51.3 61.8 61.1 48.4 42.7 43.3
46.8 46.9 49.5 52.6 47.4 41.3 38.5
36.8 38.4 47.8 41.6 37.1 34.5 40.1
46.9 45.1 43.7 48.9 59.8 44.9 35.2
40.1 40.6 29.8 44.5 40.0 36.9 30.0
37.1 47.7 39.7 42.7 47.7 53.5 57.6
62.5 65.7 54.0 58.1 61.6 51.2 47.0
47.7 69.0 53.4 44.0 44.9 44.3 44.8
45.2 49.3 52.8 52.3 49.3 59.2 64.6
55.0 55.9 54.2 55.8 61.2 57.6 46.3 
45.0 55.7 54.3 52.0 55.2 58.5 62.5 
66.2 66.1 71.9 75.9 71.1 74.2 73.0 
71.8 74.5 72.6 68.1 71.0 70.1 68.8 
68.2 71.2 63.3 60.7 61.0 73.8 82.4 
71.4 67.9 74.1 78.4 74.4 70.8 74.3 
77.8 83.2 77.5 71.8 70.3 70.9 76.7 
81.3 79.6 68.2 66.8 69.4 68.5 65.5 
68.0 70.8 75.5 77.4 76.8 75.9 73.1 
72.4 78.3 81.1 77.8 76.0 70.8 67.3 
70.5 78.6 78.6 78.8 81.0 79.2 84.6 
78.5 79.0 78.9 79.3 76.8 73.2 72.3 
72.7 74.7 77.2 79.6 80.7 78.2 75.7 
74.7 76.9 77.7 80.4 81.7 79.9 77.0 
76.7 74.5 73.2 77.0 76.9 75.3 74.7 
66.4 67.1 70.5 74.9 76.4 72.4 73.6 
76.9 75.7 75.6 72.9 67.2 67.6 67.9 
69.0 72.7 79.4 82.5 76.3 73.8 68.8 
64.7 66.5 72.2 69.4 68.2 72.0 73.9 
69.1 71.3 74.5 70.1 71.4 71.7 68.5 
71.7 65.9 60.1 56.0 60.7 61.8 61.0  
